 -5.00  -4.89898990
 -4.80  -4.69696970
 -4.60  -4.49494949
 -4.39  -4.29292929
 -4.19  -4.09090909
 -3.99  -3.88888889
 -3.79  -3.68686869
 -3.59  -3.48484848
 -3.38  -3.28282828
 -3.18  -3.08080808
 -2.98  -2.87878788
 -2.78  -2.67676768
 -2.58  -2.47474747
 -2.37  -2.27272727
 -2.17  -2.07070707
 -1.97  -1.86868687
 -1.77  -1.66666667
 -1.57  -1.46464646
 -1.36  -1.26262626
 -1.16  -1.06060606
 -0.96  -0.85858586
 -0.76  -0.65656566
 -0.56  -0.45454545
 -0.35  -0.25252525
 -0.15  -0.05050505
  0.05   0.15151515
  0.25   0.35353535
  0.45   0.55555556
  0.66   0.75757576
  0.86   0.95959596
  1.06   1.16161616
  1.26   1.36363636
  1.46   1.56565657
  1.67   1.76767677
  1.87   1.96969697
  2.07   2.17171717
  2.27   2.37373737
  2.47   2.57575758
  2.68   2.77777778
  2.88   2.97979798
  3.08   3.18181818
  3.28   3.38383838
  3.48   3.58585859
  3.69   3.78787879
  3.89   3.98989899
  4.09   4.19191919
  4.29   4.39393939
  4.49   4.59595960
  4.70   4.79797980
  4.90   5.00000000
 -9.15  -7.74405202
 -6.57  -6.63033068
 -5.71  -6.17343154
 -6.59  -5.21812377
 -5.41  -4.47721816
 -4.36  -3.26030288
 -2.04  -3.50174481
 -2.75  -2.93813209
 -1.99  -2.32142554
 -0.66  -2.76406272
 -3.22  -1.68065091
 -1.62  -1.33043962
 -1.89  -1.64572271
 -1.18  -0.76151697
 -1.04  -1.03706791
 -1.46  -2.44548180
 -0.38  -0.00879933
 -1.62  -1.57231305
 -1.49  -0.84699866
 -1.12  -0.82860011
 -1.29  -1.57116155
 -0.07  -0.91073471
 -1.03  -0.72056451
  0.27  -1.56116199
 -0.46   0.04883184
 -0.08  -0.99724842
 -0.51   0.26582726
  0.35  -0.56424314
 -1.13  -0.10336250
  0.68   0.49887026
  1.99   0.36346118
  0.95   1.95465272
  1.89   2.10892007
  1.87   2.04278023
  1.87   2.77817149
  4.35   4.34492390
  3.62   4.49247959
  4.56   5.06013545
  4.26   5.31762243
  6.50   6.20516358
  7.07   8.14253410
  7.71   8.94517298
  9.40  10.33516405
 10.41  12.50053284
 11.74  13.31854338
 14.17  15.66339240
 15.83  14.99600431
 16.31  18.95750494
 19.75  20.11495172
 22.12  22.05965498
