 -5.00  -4.98998999
 -4.98  -4.96996997
 -4.96  -4.94994995
 -4.94  -4.92992993
 -4.92  -4.90990991
 -4.90  -4.88988989
 -4.88  -4.86986987
 -4.86  -4.84984985
 -4.84  -4.82982983
 -4.82  -4.80980981
 -4.80  -4.78978979
 -4.78  -4.76976977
 -4.76  -4.74974975
 -4.74  -4.72972973
 -4.72  -4.70970971
 -4.70  -4.68968969
 -4.68  -4.66966967
 -4.66  -4.64964965
 -4.64  -4.62962963
 -4.62  -4.60960961
 -4.60  -4.58958959
 -4.58  -4.56956957
 -4.56  -4.54954955
 -4.54  -4.52952953
 -4.52  -4.50950951
 -4.50  -4.48948949
 -4.48  -4.46946947
 -4.46  -4.44944945
 -4.44  -4.42942943
 -4.42  -4.40940941
 -4.40  -4.38938939
 -4.38  -4.36936937
 -4.36  -4.34934935
 -4.34  -4.32932933
 -4.32  -4.30930931
 -4.30  -4.28928929
 -4.28  -4.26926927
 -4.26  -4.24924925
 -4.24  -4.22922923
 -4.22  -4.20920921
 -4.20  -4.18918919
 -4.18  -4.16916917
 -4.16  -4.14914915
 -4.14  -4.12912913
 -4.12  -4.10910911
 -4.10  -4.08908909
 -4.08  -4.06906907
 -4.06  -4.04904905
 -4.04  -4.02902903
 -4.02  -4.00900901
 -4.00  -3.98898899
 -3.98  -3.96896897
 -3.96  -3.94894895
 -3.94  -3.92892893
 -3.92  -3.90890891
 -3.90  -3.88888889
 -3.88  -3.86886887
 -3.86  -3.84884885
 -3.84  -3.82882883
 -3.82  -3.80880881
 -3.80  -3.78878879
 -3.78  -3.76876877
 -3.76  -3.74874875
 -3.74  -3.72872873
 -3.72  -3.70870871
 -3.70  -3.68868869
 -3.68  -3.66866867
 -3.66  -3.64864865
 -3.64  -3.62862863
 -3.62  -3.60860861
 -3.60  -3.58858859
 -3.58  -3.56856857
 -3.56  -3.54854855
 -3.54  -3.52852853
 -3.52  -3.50850851
 -3.50  -3.48848849
 -3.48  -3.46846847
 -3.46  -3.44844845
 -3.44  -3.42842843
 -3.42  -3.40840841
 -3.40  -3.38838839
 -3.38  -3.36836837
 -3.36  -3.34834835
 -3.34  -3.32832833
 -3.32  -3.30830831
 -3.30  -3.28828829
 -3.28  -3.26826827
 -3.26  -3.24824825
 -3.24  -3.22822823
 -3.22  -3.20820821
 -3.20  -3.18818819
 -3.18  -3.16816817
 -3.16  -3.14814815
 -3.14  -3.12812813
 -3.12  -3.10810811
 -3.10  -3.08808809
 -3.08  -3.06806807
 -3.06  -3.04804805
 -3.04  -3.02802803
 -3.02  -3.00800801
 -3.00  -2.98798799
 -2.98  -2.96796797
 -2.96  -2.94794795
 -2.94  -2.92792793
 -2.92  -2.90790791
 -2.90  -2.88788789
 -2.88  -2.86786787
 -2.86  -2.84784785
 -2.84  -2.82782783
 -2.82  -2.80780781
 -2.80  -2.78778779
 -2.78  -2.76776777
 -2.76  -2.74774775
 -2.74  -2.72772773
 -2.72  -2.70770771
 -2.70  -2.68768769
 -2.68  -2.66766767
 -2.66  -2.64764765
 -2.64  -2.62762763
 -2.62  -2.60760761
 -2.60  -2.58758759
 -2.58  -2.56756757
 -2.56  -2.54754755
 -2.54  -2.52752753
 -2.52  -2.50750751
 -2.50  -2.48748749
 -2.48  -2.46746747
 -2.46  -2.44744745
 -2.44  -2.42742743
 -2.42  -2.40740741
 -2.40  -2.38738739
 -2.38  -2.36736737
 -2.36  -2.34734735
 -2.34  -2.32732733
 -2.32  -2.30730731
 -2.30  -2.28728729
 -2.28  -2.26726727
 -2.26  -2.24724725
 -2.24  -2.22722723
 -2.22  -2.20720721
 -2.20  -2.18718719
 -2.18  -2.16716717
 -2.16  -2.14714715
 -2.14  -2.12712713
 -2.12  -2.10710711
 -2.10  -2.08708709
 -2.08  -2.06706707
 -2.06  -2.04704705
 -2.04  -2.02702703
 -2.02  -2.00700701
 -2.00  -1.98698699
 -1.98  -1.96696697
 -1.96  -1.94694695
 -1.94  -1.92692693
 -1.92  -1.90690691
 -1.90  -1.88688689
 -1.88  -1.86686687
 -1.86  -1.84684685
 -1.84  -1.82682683
 -1.82  -1.80680681
 -1.80  -1.78678679
 -1.78  -1.76676677
 -1.76  -1.74674675
 -1.74  -1.72672673
 -1.72  -1.70670671
 -1.70  -1.68668669
 -1.68  -1.66666667
 -1.66  -1.64664665
 -1.64  -1.62662663
 -1.62  -1.60660661
 -1.60  -1.58658659
 -1.58  -1.56656657
 -1.56  -1.54654655
 -1.54  -1.52652653
 -1.52  -1.50650651
 -1.50  -1.48648649
 -1.48  -1.46646647
 -1.46  -1.44644645
 -1.44  -1.42642643
 -1.42  -1.40640641
 -1.40  -1.38638639
 -1.38  -1.36636637
 -1.36  -1.34634635
 -1.34  -1.32632633
 -1.32  -1.30630631
 -1.30  -1.28628629
 -1.28  -1.26626627
 -1.26  -1.24624625
 -1.24  -1.22622623
 -1.22  -1.20620621
 -1.20  -1.18618619
 -1.18  -1.16616617
 -1.16  -1.14614615
 -1.14  -1.12612613
 -1.12  -1.10610611
 -1.10  -1.08608609
 -1.08  -1.06606607
 -1.06  -1.04604605
 -1.04  -1.02602603
 -1.02  -1.00600601
 -1.00  -0.98598599
 -0.98  -0.96596597
 -0.96  -0.94594595
 -0.94  -0.92592593
 -0.92  -0.90590591
 -0.90  -0.88588589
 -0.88  -0.86586587
 -0.86  -0.84584585
 -0.84  -0.82582583
 -0.82  -0.80580581
 -0.80  -0.78578579
 -0.78  -0.76576577
 -0.76  -0.74574575
 -0.74  -0.72572573
 -0.72  -0.70570571
 -0.70  -0.68568569
 -0.68  -0.66566567
 -0.66  -0.64564565
 -0.64  -0.62562563
 -0.62  -0.60560561
 -0.60  -0.58558559
 -0.58  -0.56556557
 -0.56  -0.54554555
 -0.54  -0.52552553
 -0.52  -0.50550551
 -0.50  -0.48548549
 -0.48  -0.46546547
 -0.46  -0.44544545
 -0.44  -0.42542543
 -0.42  -0.40540541
 -0.40  -0.38538539
 -0.38  -0.36536537
 -0.36  -0.34534535
 -0.34  -0.32532533
 -0.32  -0.30530531
 -0.30  -0.28528529
 -0.28  -0.26526527
 -0.26  -0.24524525
 -0.24  -0.22522523
 -0.22  -0.20520521
 -0.20  -0.18518519
 -0.18  -0.16516517
 -0.16  -0.14514515
 -0.14  -0.12512513
 -0.12  -0.10510511
 -0.10  -0.08508509
 -0.08  -0.06506507
 -0.06  -0.04504505
 -0.04  -0.02502503
 -0.02  -0.00500501
  0.01   0.01501502
  0.03   0.03503504
  0.05   0.05505506
  0.07   0.07507508
  0.09   0.09509510
  0.11   0.11511512
  0.13   0.13513514
  0.15   0.15515516
  0.17   0.17517518
  0.19   0.19519520
  0.21   0.21521522
  0.23   0.23523524
  0.25   0.25525526
  0.27   0.27527528
  0.29   0.29529530
  0.31   0.31531532
  0.33   0.33533534
  0.35   0.35535536
  0.37   0.37537538
  0.39   0.39539540
  0.41   0.41541542
  0.43   0.43543544
  0.45   0.45545546
  0.47   0.47547548
  0.49   0.49549550
  0.51   0.51551552
  0.53   0.53553554
  0.55   0.55555556
  0.57   0.57557558
  0.59   0.59559560
  0.61   0.61561562
  0.63   0.63563564
  0.65   0.65565566
  0.67   0.67567568
  0.69   0.69569570
  0.71   0.71571572
  0.73   0.73573574
  0.75   0.75575576
  0.77   0.77577578
  0.79   0.79579580
  0.81   0.81581582
  0.83   0.83583584
  0.85   0.85585586
  0.87   0.87587588
  0.89   0.89589590
  0.91   0.91591592
  0.93   0.93593594
  0.95   0.95595596
  0.97   0.97597598
  0.99   0.99599600
  1.01   1.01601602
  1.03   1.03603604
  1.05   1.05605606
  1.07   1.07607608
  1.09   1.09609610
  1.11   1.11611612
  1.13   1.13613614
  1.15   1.15615616
  1.17   1.17617618
  1.19   1.19619620
  1.21   1.21621622
  1.23   1.23623624
  1.25   1.25625626
  1.27   1.27627628
  1.29   1.29629630
  1.31   1.31631632
  1.33   1.33633634
  1.35   1.35635636
  1.37   1.37637638
  1.39   1.39639640
  1.41   1.41641642
  1.43   1.43643644
  1.45   1.45645646
  1.47   1.47647648
  1.49   1.49649650
  1.51   1.51651652
  1.53   1.53653654
  1.55   1.55655656
  1.57   1.57657658
  1.59   1.59659660
  1.61   1.61661662
  1.63   1.63663664
  1.65   1.65665666
  1.67   1.67667668
  1.69   1.69669670
  1.71   1.71671672
  1.73   1.73673674
  1.75   1.75675676
  1.77   1.77677678
  1.79   1.79679680
  1.81   1.81681682
  1.83   1.83683684
  1.85   1.85685686
  1.87   1.87687688
  1.89   1.89689690
  1.91   1.91691692
  1.93   1.93693694
  1.95   1.95695696
  1.97   1.97697698
  1.99   1.99699700
  2.01   2.01701702
  2.03   2.03703704
  2.05   2.05705706
  2.07   2.07707708
  2.09   2.09709710
  2.11   2.11711712
  2.13   2.13713714
  2.15   2.15715716
  2.17   2.17717718
  2.19   2.19719720
  2.21   2.21721722
  2.23   2.23723724
  2.25   2.25725726
  2.27   2.27727728
  2.29   2.29729730
  2.31   2.31731732
  2.33   2.33733734
  2.35   2.35735736
  2.37   2.37737738
  2.39   2.39739740
  2.41   2.41741742
  2.43   2.43743744
  2.45   2.45745746
  2.47   2.47747748
  2.49   2.49749750
  2.51   2.51751752
  2.53   2.53753754
  2.55   2.55755756
  2.57   2.57757758
  2.59   2.59759760
  2.61   2.61761762
  2.63   2.63763764
  2.65   2.65765766
  2.67   2.67767768
  2.69   2.69769770
  2.71   2.71771772
  2.73   2.73773774
  2.75   2.75775776
  2.77   2.77777778
  2.79   2.79779780
  2.81   2.81781782
  2.83   2.83783784
  2.85   2.85785786
  2.87   2.87787788
  2.89   2.89789790
  2.91   2.91791792
  2.93   2.93793794
  2.95   2.95795796
  2.97   2.97797798
  2.99   2.99799800
  3.01   3.01801802
  3.03   3.03803804
  3.05   3.05805806
  3.07   3.07807808
  3.09   3.09809810
  3.11   3.11811812
  3.13   3.13813814
  3.15   3.15815816
  3.17   3.17817818
  3.19   3.19819820
  3.21   3.21821822
  3.23   3.23823824
  3.25   3.25825826
  3.27   3.27827828
  3.29   3.29829830
  3.31   3.31831832
  3.33   3.33833834
  3.35   3.35835836
  3.37   3.37837838
  3.39   3.39839840
  3.41   3.41841842
  3.43   3.43843844
  3.45   3.45845846
  3.47   3.47847848
  3.49   3.49849850
  3.51   3.51851852
  3.53   3.53853854
  3.55   3.55855856
  3.57   3.57857858
  3.59   3.59859860
  3.61   3.61861862
  3.63   3.63863864
  3.65   3.65865866
  3.67   3.67867868
  3.69   3.69869870
  3.71   3.71871872
  3.73   3.73873874
  3.75   3.75875876
  3.77   3.77877878
  3.79   3.79879880
  3.81   3.81881882
  3.83   3.83883884
  3.85   3.85885886
  3.87   3.87887888
  3.89   3.89889890
  3.91   3.91891892
  3.93   3.93893894
  3.95   3.95895896
  3.97   3.97897898
  3.99   3.99899900
  4.01   4.01901902
  4.03   4.03903904
  4.05   4.05905906
  4.07   4.07907908
  4.09   4.09909910
  4.11   4.11911912
  4.13   4.13913914
  4.15   4.15915916
  4.17   4.17917918
  4.19   4.19919920
  4.21   4.21921922
  4.23   4.23923924
  4.25   4.25925926
  4.27   4.27927928
  4.29   4.29929930
  4.31   4.31931932
  4.33   4.33933934
  4.35   4.35935936
  4.37   4.37937938
  4.39   4.39939940
  4.41   4.41941942
  4.43   4.43943944
  4.45   4.45945946
  4.47   4.47947948
  4.49   4.49949950
  4.51   4.51951952
  4.53   4.53953954
  4.55   4.55955956
  4.57   4.57957958
  4.59   4.59959960
  4.61   4.61961962
  4.63   4.63963964
  4.65   4.65965966
  4.67   4.67967968
  4.69   4.69969970
  4.71   4.71971972
  4.73   4.73973974
  4.75   4.75975976
  4.77   4.77977978
  4.79   4.79979980
  4.81   4.81981982
  4.83   4.83983984
  4.85   4.85985986
  4.87   4.87987988
  4.89   4.89989990
  4.91   4.91991992
  4.93   4.93993994
  4.95   4.95995996
  4.97   4.97997998
  4.99   5.00000000
 -9.88  -8.13782732
 -7.23  -6.50563332
 -6.78  -8.71157556
 -6.83  -7.37434971
 -7.47  -9.49241449
 -7.97  -7.37272194
 -7.08  -7.12467307
 -6.26  -7.36978153
 -6.57  -7.97332500
 -6.96  -8.04044210
 -6.64  -6.62579180
 -6.33  -7.28424105
 -6.05  -6.36046791
 -7.83  -7.67505527
 -7.76  -7.56309047
 -5.82  -5.84812268
 -7.23  -6.28969139
 -5.51  -5.20005542
 -5.31  -5.79242178
 -4.94  -6.06608324
 -6.39  -6.81558362
 -6.29  -5.70381527
 -7.25  -6.08400483
 -5.95  -6.08759739
 -6.03  -6.06256543
 -6.20  -6.43485531
 -5.43  -6.11212054
 -5.18  -5.64804115
 -4.31  -5.50313281
 -6.22  -5.43093837
 -6.49  -5.21284385
 -6.18  -4.16669545
 -6.85  -3.90697575
 -5.37  -6.43638919
 -5.12  -5.00993952
 -3.69  -5.04533825
 -4.84  -3.56428440
 -5.12  -5.77192111
 -6.31  -5.57042507
 -5.93  -5.10586534
 -4.93  -4.32565421
 -3.19  -4.68358937
 -6.19  -4.92887399
 -4.32  -4.56351229
 -4.62  -4.09253670
 -3.58  -5.40689705
 -4.87  -4.13766380
 -4.25  -5.88431844
 -4.72  -4.83708432
 -3.20  -3.65748690
 -4.87  -3.80151265
 -5.17  -4.25011426
 -4.26  -4.60701624
 -3.69  -4.20287442
 -4.55  -3.30442753
 -3.03  -3.10026213
 -2.76  -4.13337346
 -4.16  -4.01366473
 -2.91  -5.04593697
 -4.05  -4.06415280
 -2.62  -4.14253610
 -3.48  -3.41602486
 -3.32  -2.69770849
 -3.35  -4.12182346
 -2.94  -3.15658024
 -4.22  -2.24302688
 -3.03  -1.22019458
 -4.51  -2.32390636
 -4.33  -2.91896415
 -2.37  -3.55685116
 -3.57  -2.87986367
 -2.02  -2.98006506
 -3.54  -3.09545685
 -1.50  -4.45602293
 -1.54  -3.66549188
 -3.63  -3.30618005
 -4.99  -1.78314419
 -2.27  -2.42080760
 -3.14  -3.15065400
 -2.50  -4.83433247
 -3.24  -2.22138842
 -2.00  -3.79992836
 -1.38  -1.91299743
 -2.88  -1.97788550
 -2.03  -3.03305238
 -1.65  -1.71960472
 -1.82  -2.67036218
 -2.79  -1.95403990
 -2.75  -3.67275760
 -2.60  -1.78263723
 -3.27  -0.99066158
 -2.17  -1.18340634
 -2.59  -3.17521246
 -2.61  -2.28503276
 -2.00  -2.80461394
 -1.70  -1.84171497
 -1.88  -1.06318895
 -1.69  -2.33834675
 -2.07  -0.66281061
 -3.06  -2.37576150
  0.28  -2.88004699
 -2.53  -2.20901629
 -2.78  -2.37059013
 -2.33  -2.33078855
 -1.62  -2.96784617
 -3.09  -2.97687217
 -2.79  -1.73967535
 -1.98  -2.16049794
 -1.29  -0.96267651
 -1.01  -1.49066614
 -2.26  -1.90922935
 -1.62  -1.38582167
 -1.67  -1.24958287
 -1.95  -2.57788905
 -0.89  -1.50191722
 -1.35  -3.08204337
 -1.71  -1.28744681
 -2.40  -0.24899234
 -2.30  -1.26676542
 -0.73  -1.84786750
 -0.95  -0.95361304
 -2.12  -1.17832164
 -2.42  -1.85002762
 -2.08  -1.77703228
 -1.46  -1.87848640
 -2.42  -0.89635096
 -2.28  -0.87951998
 -0.68  -0.82193061
  0.11  -0.54945350
 -1.67  -0.61345965
 -2.01  -2.02397893
 -2.74  -2.03676471
 -0.68  -2.81902276
 -0.94  -2.50403528
 -0.82  -0.51298642
 -1.50  -2.91956790
 -1.03  -2.48789443
 -1.87  -1.99575184
 -0.98  -2.07693215
 -2.77  -2.12610628
 -0.24  -3.53695708
 -2.38  -0.53999086
 -2.13  -1.13318045
 -1.70  -0.53031987
 -1.50  -1.40632912
 -2.24  -1.59415075
 -2.04  -1.50294940
 -2.18  -2.66476255
 -1.62  -0.34407703
 -1.78  -1.75144998
 -2.03  -0.83822756
 -0.53  -2.10920346
 -1.89  -0.80210694
 -2.29  -1.17974144
 -0.74  -1.72926795
 -0.38  -0.47405554
 -2.27  -2.26745434
 -1.11  -0.35881369
 -0.72  -1.21117178
 -0.73  -1.41802277
 -1.24  -1.82338782
 -0.24  -1.11646041
 -0.82  -1.09792616
 -1.30  -0.72125505
 -2.03  -2.42847159
 -0.05  -0.80522116
 -1.68  -0.68708922
 -1.42   0.08404606
 -2.48  -0.78545072
 -1.15  -0.63099909
 -0.55  -1.90902570
 -2.89  -1.01757675
 -1.12  -0.42441426
 -0.77  -1.59773928
 -1.47  -0.94828149
 -1.59  -0.69364638
 -2.28  -1.44880511
 -1.20  -1.07369013
 -1.30  -1.72500598
 -0.95  -0.30878088
 -0.26  -2.43728807
 -2.47  -0.69893218
 -0.81  -1.59658367
 -1.98  -2.01326297
 -1.30  -1.35056502
 -1.60  -0.49375396
 -1.86  -0.36991019
  0.54  -0.08173710
 -2.38  -1.18543561
 -0.92  -0.58172991
 -2.32  -1.42627067
 -1.97  -2.38633591
 -0.74  -0.82712614
 -1.91  -2.08845047
 -1.01  -1.72480075
 -1.27  -0.60182150
 -2.43  -1.05345496
 -1.52  -1.07697743
 -0.82  -0.92698179
 -0.62  -1.59962209
 -0.46  -1.36344883
  0.14  -0.70011346
 -2.10   0.28048154
 -2.30  -1.29269642
 -1.31  -1.36238128
 -1.66  -1.69689614
 -0.78  -1.42813153
 -1.41  -0.39506844
 -0.44  -1.44932765
 -0.52  -1.07378443
 -0.32  -1.91665886
 -1.70  -1.42684811
 -1.34  -1.02405280
 -2.00  -0.80266882
 -2.76  -1.02057179
 -1.24  -2.38356038
 -0.05  -1.46444897
 -0.56  -1.11114012
 -0.70  -2.20911253
 -1.82  -1.75316573
 -1.30  -0.95554763
 -2.20   0.23590434
  0.16  -1.54175769
 -0.54  -0.15457458
 -2.21  -1.20404684
 -2.33  -1.05308131
 -0.46  -1.32947935
 -0.32  -0.50201943
 -1.00  -1.29031085
 -1.59  -2.19957403
 -0.68  -2.87193919
 -1.58  -1.02278730
  0.39  -1.12441364
 -0.62  -0.52145509
 -1.43  -1.82903285
 -2.39  -1.40095126
 -1.32   0.86086164
  0.32  -0.44170425
 -0.66  -0.84105240
 -1.13   0.06320646
 -1.12  -0.56519274
 -1.36  -0.76199121
 -2.34  -1.76487979
 -0.71  -0.59374052
 -1.73   0.29881584
 -0.83  -1.17009296
  0.03   0.10952578
 -1.27  -1.35283927
 -2.25  -1.01202797
 -1.18  -0.81348524
  0.18  -0.78200942
 -1.85  -0.98271954
 -0.92  -0.19148115
  0.35   0.09862780
 -0.20  -0.91190754
 -0.12  -0.43229800
 -0.06  -0.10058662
 -1.14   0.38352736
  0.33  -0.96477793
 -0.62  -0.77480166
  0.36  -1.22561223
 -0.69  -1.24077261
 -0.67   0.90679709
 -0.01  -1.04081356
 -1.22  -0.19588977
 -1.44  -0.92901861
 -1.23  -0.37478922
 -1.94  -0.50251876
  0.52   0.08314856
 -1.22  -0.19566131
 -1.26  -2.23444123
  0.85   0.90853612
 -0.16  -1.80223629
 -1.33  -0.50182728
  0.98   0.69605008
  0.76   0.17617205
  1.59   0.35952299
 -0.35  -0.89168658
 -0.52  -0.25055907
 -0.54  -0.30404855
 -0.75  -0.35588429
  0.31  -0.24328917
  0.18  -0.16742037
 -0.87   0.58365623
  0.24  -1.37911272
 -0.48   0.41464233
  0.42   0.62760229
  0.86  -0.01609167
  0.64  -0.90727199
 -0.94  -0.19788651
  0.23  -0.56924956
 -0.92   1.02065320
  1.10  -0.44117515
 -0.02   0.41578510
  0.30  -0.03421384
  1.52  -0.72627698
  0.21  -0.03223608
 -0.19   1.19723786
  0.14  -0.12320152
  0.73  -0.57026056
  1.01   1.38289831
  0.48   0.96392455
  0.55   0.80239056
  0.27  -1.08571563
  0.92  -0.68369066
 -0.55   0.13434684
  0.43   1.46963103
  0.11   0.68528352
  0.97   0.35531049
  0.58   1.51719918
  0.94   1.63013600
  0.85   1.93379328
  0.31   0.62277042
  1.45   2.21105042
  2.36  -0.06100317
  1.82   0.24244780
  1.16   0.75610536
  0.25   1.88476543
  1.27   1.42133535
  0.72   0.22719154
  1.63   1.29392639
  0.87   2.22740447
  1.72   1.27489725
  1.77   2.38656501
  1.12   1.88453339
  1.63   1.14403287
  2.34   2.31909522
  1.09   1.38471637
  1.88   2.21567748
  3.31   0.50663114
  2.49   1.35363498
  1.10   2.74974509
  1.53   2.04955120
  0.71   2.02303665
  2.34   2.40718546
  2.41   1.69207935
  0.95   1.37848713
  2.23   2.11109997
  1.63   1.83515490
  1.36   2.65728110
  3.61   1.13849690
  3.07   2.19668814
  3.54   2.87372927
  1.11   2.53937608
  1.16   1.63422099
  3.86   2.47642334
  1.74   2.56477299
  2.69   2.33784939
  2.82   2.50220712
  3.34   2.61325917
  4.12   3.46066059
  2.86   2.35189905
  2.24   3.87865515
  2.85   3.90093309
  2.89   2.19432704
  3.33   4.20995553
  3.08   3.88040233
  3.73   3.62653122
  3.11   2.79557660
  1.80   3.76557115
  5.09   3.00137200
  3.52   4.19289325
  2.77   3.63549080
  4.87   3.74073137
  4.28   4.06209579
  4.50   3.82762626
  4.00   4.22015897
  4.29   4.21705185
  4.87   3.51289429
  4.66   4.53007038
  4.33   5.07915062
  4.15   5.40788623
  3.51   5.33678909
  3.48   3.88225942
  4.10   3.92539244
  4.64   4.50218753
  5.37   4.32001108
  3.57   5.48865829
  5.76   5.56116846
  5.13   6.29059287
  3.63   5.95976306
  4.89   6.45360781
  4.15   6.52141713
  5.99   5.64132855
  6.54   5.46089921
  5.52   6.03146278
  6.00   7.14354843
  6.26   6.14280884
  5.62   5.15060793
  6.49   4.64934064
  6.58   6.68833567
  5.93   5.18543623
  6.60   7.97386198
  5.53   6.12187733
  7.10   5.86533538
  6.76   5.05814433
  6.80   6.28288572
  7.09   6.14601253
  7.59   6.47517533
  7.60   7.09296264
  6.60   6.51888927
  7.00   6.60245022
  7.02   7.02232620
  6.57   7.67858236
  8.09   8.77977629
  6.91   8.39303213
  7.57   7.67946501
  8.27   8.01227624
  9.59   9.42916472
  8.53   8.06973636
  8.36   7.94278910
  9.18   8.78442143
  7.32   7.75205873
  7.02   9.40921744
  8.70   8.78820693
  8.23   9.13321406
  9.38   8.47871729
  8.82   8.71140773
 10.36   8.33700484
  9.57   8.55905386
  8.81   9.54591701
  9.59   8.69412411
  9.97   9.86886686
 10.63   9.91268528
 10.01   9.95462477
 10.06   9.66900444
 10.11  10.39167813
 10.21  10.20881439
  9.13  10.21245929
  9.45  10.29398409
 10.74   9.37316583
 10.83   9.60380044
 10.14  10.00352047
 11.16   9.99652874
 12.03  11.11794965
 11.06  12.31294797
 10.85  11.16183676
 10.29  11.06159579
 10.90  12.46368098
 11.00  12.80906994
 13.32  12.87843052
 12.17  11.64588577
 12.96  12.08029883
 12.06  12.84386723
 12.45  12.34617992
 12.94  12.55675882
 13.07  12.76134949
 13.39  13.68092737
 12.69  14.05008995
 14.28  13.50059880
 12.82  12.88130002
 12.60  13.91117696
 13.68  14.26908990
 13.81  13.06755393
 14.13  14.31277047
 12.76  13.50886824
 14.29  13.98470816
 14.18  13.91508769
 14.64  14.55934513
 14.60  14.86264746
 14.87  13.51673829
 16.17  14.28835439
 15.56  16.80754178
 14.74  14.68746355
 16.24  17.02368372
 14.37  16.73284681
 16.02  15.91538981
 15.01  15.94052118
 16.02  15.89352476
 16.38  17.22777322
 15.98  17.09106953
 16.48  17.36326307
 17.60  15.24265110
 17.16  16.82209950
 17.09  16.37687531
 17.55  17.95189077
 17.85  17.57613178
 17.15  18.04981673
 17.17  18.60213644
 17.78  19.29461561
 18.08  18.03816431
 18.13  18.21656767
 16.82  19.30687846
 19.01  18.87229605
 19.00  19.20386240
 18.17  19.56707909
 20.47  19.67448641
 18.84  21.02299906
 20.53  20.27036622
 20.74  20.21937910
 20.01  20.85100948
 22.02  21.33690359
 20.26  21.63242734
 22.98  20.93774920
 21.82  21.92852505
 20.68  19.24235466
 22.36  23.19152059
 22.92  21.68547021
 21.52  20.93205896
 21.79  22.37309909
